{
  "nbformat": 4,
  "nbformat_minor": 0,
  "metadata": {
    "colab": {
      "name": "Feature_selection.ipynb",
      "provenance": []
    },
    "kernelspec": {
      "name": "python3",
      "display_name": "Python 3"
    },
    "language_info": {
      "name": "python"
    }
  },
  "cells": [
    {
      "cell_type": "markdown",
      "source": [
        "# Remove features with very low variance\n",
        "\n",
        "If the features have a very low variance (i.e. very close to 0), they are close to being constant and thus, do not add any value to any model at all. It would just be nice to get rid of them and hence lower the complexity.\n",
        "\n",
        "```\n",
        "from sklearn.feature_selection import VarianceThreshold\n",
        "data = ...\n",
        "var_thresh = VarianceThreshold(threshold=0.1)\n",
        "transformed_data = var_thresh.fit_transform(data)\n",
        "# transformed data will have all columns with variance less\n",
        "# than 0.1 removed\n",
        "```\n",
        "\n"
      ],
      "metadata": {
        "id": "nZ0VGI_OxpbX"
      }
    },
    {
      "cell_type": "markdown",
      "source": [
        "# Remove features which have a high correlation\n",
        "\n",
        "For calculating the correlation between different numerical features, you can use the **Pearson correlation**.\n"
      ],
      "metadata": {
        "id": "sQeKSxgGyHFx"
      }
    },
    {
      "cell_type": "code",
      "execution_count": 2,
      "metadata": {
        "colab": {
          "base_uri": "https://localhost:8080/",
          "height": 332
        },
        "id": "zo6OsXY-w_cV",
        "outputId": "258673f2-9899-4cd2-96b1-0a5f3aeb540f"
      },
      "outputs": [
        {
          "output_type": "execute_result",
          "data": {
            "text/plain": [
              "               MedInc  HouseAge  AveRooms  AveBedrms  Population  AveOccup  \\\n",
              "MedInc       1.000000 -0.119034  0.326895  -0.062040    0.004834  0.018766   \n",
              "HouseAge    -0.119034  1.000000 -0.153277  -0.077747   -0.296244  0.013191   \n",
              "AveRooms     0.326895 -0.153277  1.000000   0.847621   -0.072213 -0.004852   \n",
              "AveBedrms   -0.062040 -0.077747  0.847621   1.000000   -0.066197 -0.006181   \n",
              "Population   0.004834 -0.296244 -0.072213  -0.066197    1.000000  0.069863   \n",
              "AveOccup     0.018766  0.013191 -0.004852  -0.006181    0.069863  1.000000   \n",
              "Latitude    -0.079809  0.011173  0.106389   0.069721   -0.108785  0.002366   \n",
              "Longitude   -0.015176 -0.108197 -0.027540   0.013344    0.099773  0.002476   \n",
              "MedInc_Sqrt  0.984329 -0.132797  0.326688  -0.066910    0.018415  0.015266   \n",
              "\n",
              "             Latitude  Longitude  MedInc_Sqrt  \n",
              "MedInc      -0.079809  -0.015176     0.984329  \n",
              "HouseAge     0.011173  -0.108197    -0.132797  \n",
              "AveRooms     0.106389  -0.027540     0.326688  \n",
              "AveBedrms    0.069721   0.013344    -0.066910  \n",
              "Population  -0.108785   0.099773     0.018415  \n",
              "AveOccup     0.002366   0.002476     0.015266  \n",
              "Latitude     1.000000  -0.924664    -0.084303  \n",
              "Longitude   -0.924664   1.000000    -0.015569  \n",
              "MedInc_Sqrt -0.084303  -0.015569     1.000000  "
            ],
            "text/html": [
              "\n",
              "  <div id=\"df-154ab2b5-5aa0-4ebb-8df0-5531bec7c7d7\">\n",
              "    <div class=\"colab-df-container\">\n",
              "      <div>\n",
              "<style scoped>\n",
              "    .dataframe tbody tr th:only-of-type {\n",
              "        vertical-align: middle;\n",
              "    }\n",
              "\n",
              "    .dataframe tbody tr th {\n",
              "        vertical-align: top;\n",
              "    }\n",
              "\n",
              "    .dataframe thead th {\n",
              "        text-align: right;\n",
              "    }\n",
              "</style>\n",
              "<table border=\"1\" class=\"dataframe\">\n",
              "  <thead>\n",
              "    <tr style=\"text-align: right;\">\n",
              "      <th></th>\n",
              "      <th>MedInc</th>\n",
              "      <th>HouseAge</th>\n",
              "      <th>AveRooms</th>\n",
              "      <th>AveBedrms</th>\n",
              "      <th>Population</th>\n",
              "      <th>AveOccup</th>\n",
              "      <th>Latitude</th>\n",
              "      <th>Longitude</th>\n",
              "      <th>MedInc_Sqrt</th>\n",
              "    </tr>\n",
              "  </thead>\n",
              "  <tbody>\n",
              "    <tr>\n",
              "      <th>MedInc</th>\n",
              "      <td>1.000000</td>\n",
              "      <td>-0.119034</td>\n",
              "      <td>0.326895</td>\n",
              "      <td>-0.062040</td>\n",
              "      <td>0.004834</td>\n",
              "      <td>0.018766</td>\n",
              "      <td>-0.079809</td>\n",
              "      <td>-0.015176</td>\n",
              "      <td>0.984329</td>\n",
              "    </tr>\n",
              "    <tr>\n",
              "      <th>HouseAge</th>\n",
              "      <td>-0.119034</td>\n",
              "      <td>1.000000</td>\n",
              "      <td>-0.153277</td>\n",
              "      <td>-0.077747</td>\n",
              "      <td>-0.296244</td>\n",
              "      <td>0.013191</td>\n",
              "      <td>0.011173</td>\n",
              "      <td>-0.108197</td>\n",
              "      <td>-0.132797</td>\n",
              "    </tr>\n",
              "    <tr>\n",
              "      <th>AveRooms</th>\n",
              "      <td>0.326895</td>\n",
              "      <td>-0.153277</td>\n",
              "      <td>1.000000</td>\n",
              "      <td>0.847621</td>\n",
              "      <td>-0.072213</td>\n",
              "      <td>-0.004852</td>\n",
              "      <td>0.106389</td>\n",
              "      <td>-0.027540</td>\n",
              "      <td>0.326688</td>\n",
              "    </tr>\n",
              "    <tr>\n",
              "      <th>AveBedrms</th>\n",
              "      <td>-0.062040</td>\n",
              "      <td>-0.077747</td>\n",
              "      <td>0.847621</td>\n",
              "      <td>1.000000</td>\n",
              "      <td>-0.066197</td>\n",
              "      <td>-0.006181</td>\n",
              "      <td>0.069721</td>\n",
              "      <td>0.013344</td>\n",
              "      <td>-0.066910</td>\n",
              "    </tr>\n",
              "    <tr>\n",
              "      <th>Population</th>\n",
              "      <td>0.004834</td>\n",
              "      <td>-0.296244</td>\n",
              "      <td>-0.072213</td>\n",
              "      <td>-0.066197</td>\n",
              "      <td>1.000000</td>\n",
              "      <td>0.069863</td>\n",
              "      <td>-0.108785</td>\n",
              "      <td>0.099773</td>\n",
              "      <td>0.018415</td>\n",
              "    </tr>\n",
              "    <tr>\n",
              "      <th>AveOccup</th>\n",
              "      <td>0.018766</td>\n",
              "      <td>0.013191</td>\n",
              "      <td>-0.004852</td>\n",
              "      <td>-0.006181</td>\n",
              "      <td>0.069863</td>\n",
              "      <td>1.000000</td>\n",
              "      <td>0.002366</td>\n",
              "      <td>0.002476</td>\n",
              "      <td>0.015266</td>\n",
              "    </tr>\n",
              "    <tr>\n",
              "      <th>Latitude</th>\n",
              "      <td>-0.079809</td>\n",
              "      <td>0.011173</td>\n",
              "      <td>0.106389</td>\n",
              "      <td>0.069721</td>\n",
              "      <td>-0.108785</td>\n",
              "      <td>0.002366</td>\n",
              "      <td>1.000000</td>\n",
              "      <td>-0.924664</td>\n",
              "      <td>-0.084303</td>\n",
              "    </tr>\n",
              "    <tr>\n",
              "      <th>Longitude</th>\n",
              "      <td>-0.015176</td>\n",
              "      <td>-0.108197</td>\n",
              "      <td>-0.027540</td>\n",
              "      <td>0.013344</td>\n",
              "      <td>0.099773</td>\n",
              "      <td>0.002476</td>\n",
              "      <td>-0.924664</td>\n",
              "      <td>1.000000</td>\n",
              "      <td>-0.015569</td>\n",
              "    </tr>\n",
              "    <tr>\n",
              "      <th>MedInc_Sqrt</th>\n",
              "      <td>0.984329</td>\n",
              "      <td>-0.132797</td>\n",
              "      <td>0.326688</td>\n",
              "      <td>-0.066910</td>\n",
              "      <td>0.018415</td>\n",
              "      <td>0.015266</td>\n",
              "      <td>-0.084303</td>\n",
              "      <td>-0.015569</td>\n",
              "      <td>1.000000</td>\n",
              "    </tr>\n",
              "  </tbody>\n",
              "</table>\n",
              "</div>\n",
              "      <button class=\"colab-df-convert\" onclick=\"convertToInteractive('df-154ab2b5-5aa0-4ebb-8df0-5531bec7c7d7')\"\n",
              "              title=\"Convert this dataframe to an interactive table.\"\n",
              "              style=\"display:none;\">\n",
              "        \n",
              "  <svg xmlns=\"http://www.w3.org/2000/svg\" height=\"24px\"viewBox=\"0 0 24 24\"\n",
              "       width=\"24px\">\n",
              "    <path d=\"M0 0h24v24H0V0z\" fill=\"none\"/>\n",
              "    <path d=\"M18.56 5.44l.94 2.06.94-2.06 2.06-.94-2.06-.94-.94-2.06-.94 2.06-2.06.94zm-11 1L8.5 8.5l.94-2.06 2.06-.94-2.06-.94L8.5 2.5l-.94 2.06-2.06.94zm10 10l.94 2.06.94-2.06 2.06-.94-2.06-.94-.94-2.06-.94 2.06-2.06.94z\"/><path d=\"M17.41 7.96l-1.37-1.37c-.4-.4-.92-.59-1.43-.59-.52 0-1.04.2-1.43.59L10.3 9.45l-7.72 7.72c-.78.78-.78 2.05 0 2.83L4 21.41c.39.39.9.59 1.41.59.51 0 1.02-.2 1.41-.59l7.78-7.78 2.81-2.81c.8-.78.8-2.07 0-2.86zM5.41 20L4 18.59l7.72-7.72 1.47 1.35L5.41 20z\"/>\n",
              "  </svg>\n",
              "      </button>\n",
              "      \n",
              "  <style>\n",
              "    .colab-df-container {\n",
              "      display:flex;\n",
              "      flex-wrap:wrap;\n",
              "      gap: 12px;\n",
              "    }\n",
              "\n",
              "    .colab-df-convert {\n",
              "      background-color: #E8F0FE;\n",
              "      border: none;\n",
              "      border-radius: 50%;\n",
              "      cursor: pointer;\n",
              "      display: none;\n",
              "      fill: #1967D2;\n",
              "      height: 32px;\n",
              "      padding: 0 0 0 0;\n",
              "      width: 32px;\n",
              "    }\n",
              "\n",
              "    .colab-df-convert:hover {\n",
              "      background-color: #E2EBFA;\n",
              "      box-shadow: 0px 1px 2px rgba(60, 64, 67, 0.3), 0px 1px 3px 1px rgba(60, 64, 67, 0.15);\n",
              "      fill: #174EA6;\n",
              "    }\n",
              "\n",
              "    [theme=dark] .colab-df-convert {\n",
              "      background-color: #3B4455;\n",
              "      fill: #D2E3FC;\n",
              "    }\n",
              "\n",
              "    [theme=dark] .colab-df-convert:hover {\n",
              "      background-color: #434B5C;\n",
              "      box-shadow: 0px 1px 3px 1px rgba(0, 0, 0, 0.15);\n",
              "      filter: drop-shadow(0px 1px 2px rgba(0, 0, 0, 0.3));\n",
              "      fill: #FFFFFF;\n",
              "    }\n",
              "  </style>\n",
              "\n",
              "      <script>\n",
              "        const buttonEl =\n",
              "          document.querySelector('#df-154ab2b5-5aa0-4ebb-8df0-5531bec7c7d7 button.colab-df-convert');\n",
              "        buttonEl.style.display =\n",
              "          google.colab.kernel.accessAllowed ? 'block' : 'none';\n",
              "\n",
              "        async function convertToInteractive(key) {\n",
              "          const element = document.querySelector('#df-154ab2b5-5aa0-4ebb-8df0-5531bec7c7d7');\n",
              "          const dataTable =\n",
              "            await google.colab.kernel.invokeFunction('convertToInteractive',\n",
              "                                                     [key], {});\n",
              "          if (!dataTable) return;\n",
              "\n",
              "          const docLinkHtml = 'Like what you see? Visit the ' +\n",
              "            '<a target=\"_blank\" href=https://colab.research.google.com/notebooks/data_table.ipynb>data table notebook</a>'\n",
              "            + ' to learn more about interactive tables.';\n",
              "          element.innerHTML = '';\n",
              "          dataTable['output_type'] = 'display_data';\n",
              "          await google.colab.output.renderOutput(dataTable, element);\n",
              "          const docLink = document.createElement('div');\n",
              "          docLink.innerHTML = docLinkHtml;\n",
              "          element.appendChild(docLink);\n",
              "        }\n",
              "      </script>\n",
              "    </div>\n",
              "  </div>\n",
              "  "
            ]
          },
          "metadata": {},
          "execution_count": 2
        }
      ],
      "source": [
        "import pandas as pd\n",
        "import numpy as np\n",
        "from sklearn.datasets import fetch_california_housing\n",
        "\n",
        "# fetch a regression dataset\n",
        "data = fetch_california_housing()\n",
        "X, col_names, y = data.data, data['feature_names'], data.target\n",
        "\n",
        "# convert to pandas dataframe\n",
        "df = pd.DataFrame(X, columns=col_names)\n",
        "\n",
        "# introduce a highly correlated column\n",
        "df.loc[:, \"MedInc_Sqrt\"] = df.MedInc.apply(np.sqrt)\n",
        "\n",
        "# get correlation matrix (pearson)\n",
        "df.corr()"
      ]
    },
    {
      "cell_type": "markdown",
      "source": [
        "We see that the feature *MedInc_Sqrt* has a very high correlation with *MedInc*. We can thus remove one of them. "
      ],
      "metadata": {
        "id": "tCST26ltzrrj"
      }
    },
    {
      "cell_type": "markdown",
      "source": [
        "# Univariate ways of feature selection\n"
      ],
      "metadata": {
        "id": "RuqysWSpz1yv"
      }
    },
    {
      "cell_type": "code",
      "source": [
        ""
      ],
      "metadata": {
        "id": "75vd0ke0zSTV"
      },
      "execution_count": null,
      "outputs": []
    }
  ]
}